delpos	seq	mean.log2FC	sd	se	tile_chr	tile_start	tile_end
1	C	-0.18396092576027873	0.178367	0.046054112808995865	chr1	173837344.0	173837458.0
2	G	0.02022134839817102	0.152518	0.03937984940861308	chr1	173837344.0	173837458.0
3	A	-0.04933650033943423	0.131875	0.03404987530757783	chr1	173837344.0	173837458.0
4	C	-0.24909791185654875	0.33152	0.08559817419050615	chr1	173837344.0	173837458.0
5	T	0.1666069591923508	0.285014	0.07359042204781988	chr1	173837344.0	173837458.0
6	G	-0.09690976623736407	0.309358	0.07987597299738437	chr1	173837344.0	173837458.0
7	A	-0.035243568283646734	0.303725	0.07842140094872817	chr1	173837344.0	173837458.0
8	G	0.04664969589819264	0.451643	0.11661376224501963	chr1	173837344.0	173837458.0
9	G	0.04664969589819264	0.451643	0.11661376224501963	chr1	173837344.0	173837458.0
10	A	-0.12068796967453722	0.306622	0.07916955814635351	chr1	173837344.0	173837458.0
11	G	-0.21435558341533575	0.523496	0.13516621023219566	chr1	173837344.0	173837458.0
12	G	-0.21435558341533575	0.523496	0.13516621023219566	chr1	173837344.0	173837458.0
13	A	-0.24073661076819225	0.569988	0.14717032055378143	chr1	173837344.0	173837458.0
14	A	-0.24073661076819225	0.569988	0.14717032055378143	chr1	173837344.0	173837458.0
15	G	-0.11095683478061177	0.5918	0.15280206985580264	chr1	173837344.0	173837458.0
16	A	-0.2160788234549228	0.43503	0.11232436050043262	chr1	173837344.0	173837458.0
17	G	0.21517958456151132	0.479958	0.12392469696609193	chr1	173837344.0	173837458.0
18	C	0.06290822120133015	0.464198	0.11985528175418586	chr1	173837344.0	173837458.0
19	A	0.0038602783123539326	0.430295	0.11110181813321451	chr1	173837344.0	173837458.0
20	G	-0.18137454502313208	0.438982	0.11334458496009724	chr1	173837344.0	173837458.0
21	A	-0.019123533278132675	0.500567	0.12924575143703512	chr1	173837344.0	173837458.0
22	G	-0.08750956699821111	0.436824	0.11278739228902623	chr1	173837344.0	173837458.0
23	A	0.2783617253199553	0.674699	0.17420650798212045	chr1	173837344.0	173837458.0
24	G	-0.0006538670991042134	0.2565	0.06622796634236691	chr1	173837344.0	173837458.0
25	G	-0.0006538670991042134	0.2565	0.06622796634236691	chr1	173837344.0	173837458.0
26	G	-0.0006538670991042134	0.2565	0.06622796634236691	chr1	173837344.0	173837458.0
27	G	-0.0006538670991042134	0.2565	0.06622796634236691	chr1	173837344.0	173837458.0
28	A	0.10109154899642186	0.534302	0.1379561999458759	chr1	173837344.0	173837458.0
29	G	0.24668367885922118	0.367241	0.09482118510185598	chr1	173837344.0	173837458.0
30	G	0.24668367885922118	0.367241	0.09482118510185598	chr1	173837344.0	173837458.0
31	G	0.24668367885922118	0.367241	0.09482118510185598	chr1	173837344.0	173837458.0
32	G	0.24668367885922118	0.367241	0.09482118510185598	chr1	173837344.0	173837458.0
33	G	0.24668367885922118	0.367241	0.09482118510185598	chr1	173837344.0	173837458.0
34	C	-0.09995890158509824	0.516846	0.13344913793461874	chr1	173837344.0	173837458.0
35	G	-0.2707032886684509	0.323293	0.08347401376230278	chr1	173837344.0	173837458.0
36	C	0.3900075822603998	0.396614	0.10240539818685905	chr1	173837344.0	173837458.0
37	G	-0.1807102206589426	0.282954	0.07305852951707727	chr1	173837344.0	173837458.0
38	A	0.03233127508207323	0.304011	0.07849523269553699	chr1	173837344.0	173837458.0
39	G	-0.0024263014100241245	0.55124	0.14232957467322238	chr1	173837344.0	173837458.0
40	G	-0.0024263014100241245	0.55124	0.14232957467322238	chr1	173837344.0	173837458.0
41	C	-0.11328638786702226	0.369543	0.0954156527231184	chr1	173837344.0	173837458.0
42	A	0.5577908366676783	0.340884	0.08801580417354878	chr1	173837344.0	173837458.0
43	A	0.5577908366676783	0.340884	0.08801580417354878	chr1	173837344.0	173837458.0
44	G	-0.030331157810459038	0.36716	0.09480033628806717	chr1	173837344.0	173837458.0
45	G	-0.030331157810459038	0.36716	0.09480033628806717	chr1	173837344.0	173837458.0
46	A	0.09403893427729644	0.389643	0.10060539036851912	chr1	173837344.0	173837458.0
47	A	0.09403893427729644	0.389643	0.10060539036851912	chr1	173837344.0	173837458.0
48	A	0.09403893427729644	0.389643	0.10060539036851912	chr1	173837344.0	173837458.0
49	G	-0.47858361297546986	0.427517	0.11038442008399384	chr1	173837344.0	173837458.0
50	C	-0.1706863668646918	0.173493	0.04479576031923864	chr1	173837344.0	173837458.0
51	T	0.0687807935794005	0.346403	0.08944091583775297	chr1	173837344.0	173837458.0
52	C	-0.10398581232553797	0.52677	0.13601146706516098	chr1	173837344.0	173837458.0
53	T	-0.04212371543984936	0.411085	0.10614170409957265	chr1	173837344.0	173837458.0
54	G	0.046496579280958385	0.364744	0.0941765415332035	chr1	173837344.0	173837458.0
55	G	0.046496579280958385	0.364744	0.0941765415332035	chr1	173837344.0	173837458.0
56	G	0.046496579280958385	0.364744	0.0941765415332035	chr1	173837344.0	173837458.0
57	G	0.046496579280958385	0.364744	0.0941765415332035	chr1	173837344.0	173837458.0
58	A	0.21211561450917024	0.27653	0.07139970567804785	chr1	173837344.0	173837458.0
59	T	0.3027600506500807	0.264181	0.06821118917718247	chr1	173837344.0	173837458.0
60	G	-0.4255016577379458	0.412699	0.10655847178289121	chr1	173837344.0	173837458.0
61	G	-0.4255016577379458	0.412699	0.10655847178289121	chr1	173837344.0	173837458.0
62	G	-0.4255016577379458	0.412699	0.10655847178289121	chr1	173837344.0	173837458.0
63	G	-0.4255016577379458	0.412699	0.10655847178289121	chr1	173837344.0	173837458.0
64	G	-0.4255016577379458	0.412699	0.10655847178289121	chr1	173837344.0	173837458.0
65	A	0.06380106444359093	0.405757	0.10476605337040384	chr1	173837344.0	173837458.0
66	A	0.06380106444359093	0.405757	0.10476605337040384	chr1	173837344.0	173837458.0
67	G	-0.07340569495423829	0.120481	0.031108057076742274	chr1	173837344.0	173837458.0
68	G	-0.07340569495423829	0.120481	0.031108057076742274	chr1	173837344.0	173837458.0
69	G	-0.07340569495423829	0.120481	0.031108057076742274	chr1	173837344.0	173837458.0
70	G	-0.07340569495423829	0.120481	0.031108057076742274	chr1	173837344.0	173837458.0
71	G	-0.07340569495423829	0.120481	0.031108057076742274	chr1	173837344.0	173837458.0
72	G	-0.07340569495423829	0.120481	0.031108057076742274	chr1	173837344.0	173837458.0
73	G	-0.07340569495423829	0.120481	0.031108057076742274	chr1	173837344.0	173837458.0
74	C	-0.18861855032664276	0.279379	0.0721353560805834	chr1	173837344.0	173837458.0
75	G	0.054552094540724766	0.313425	0.08092587239663382	chr1	173837344.0	173837458.0
76	G	0.054552094540724766	0.313425	0.08092587239663382	chr1	173837344.0	173837458.0
77	T	0.020015699678767984	0.254179	0.06562863890488353	chr1	173837344.0	173837458.0
78	G	0.06772639157905952	0.188333	0.048627422013231156	chr1	173837344.0	173837458.0
79	T	-0.19502533764491392	0.468963	0.12108560960602016	chr1	173837344.0	173837458.0
80	A	-0.4123948404851594	0.423916	0.10945474743806091	chr1	173837344.0	173837458.0
81	A	-0.4123948404851594	0.423916	0.10945474743806091	chr1	173837344.0	173837458.0
82	G	0.35645021751082095	0.34407	0.08883842798470742	chr1	173837344.0	173837458.0
83	G	0.35645021751082095	0.34407	0.08883842798470742	chr1	173837344.0	173837458.0
84	C	-0.4777088853338977	0.290271	0.07494764521394727	chr1	173837344.0	173837458.0
85	T	-0.16781977435622963	0.200914	0.051875790326023644	chr1	173837344.0	173837458.0
86	G	0.027117086192574167	0.217015	0.05603308329249736	chr1	173837344.0	173837458.0
87	A	-0.07689256155857141	0.157358	0.040629732857325025	chr1	173837344.0	173837458.0
88	G	-0.12217319300612148	0.301037	0.0777274055982131	chr1	173837344.0	173837458.0
89	T	-0.31074383133312194	0.331498	0.0855924204061539	chr1	173837344.0	173837458.0
90	G	-0.3879800601905046	0.245358	0.06335110159044266	chr1	173837344.0	173837458.0
91	A	-0.10246674361159248	0.295578	0.07631790692853997	chr1	173837344.0	173837458.0
92	T	-0.13020796254203387	0.255773	0.06604041218690135	chr1	173837344.0	173837458.0
93	T	-0.13020796254203387	0.255773	0.06604041218690135	chr1	173837344.0	173837458.0
94	T	-0.13020796254203387	0.255773	0.06604041218690135	chr1	173837344.0	173837458.0
