delpos	seq	mean.log2FC	sd	se	tile_chr	tile_start	tile_end
1	G	-0.12111336899375705	0.335791	0.08670094631306705	chr20	47895005.0	47895119.0
2	C	-0.1696676941210083	0.4298	0.11097400591376275	chr20	47895005.0	47895119.0
3	G	-0.1310971975473263	0.383006	0.09889167426790194	chr20	47895005.0	47895119.0
4	G	-0.1310971975473263	0.383006	0.09889167426790194	chr20	47895005.0	47895119.0
5	C	-0.6229934217346309	0.415063	0.10716873163830866	chr20	47895005.0	47895119.0
6	C	-0.6229934217346309	0.415063	0.10716873163830866	chr20	47895005.0	47895119.0
7	T	-0.15342630173284807	0.323431	0.0835096114813167	chr20	47895005.0	47895119.0
8	G	-0.23484779188059896	0.339817	0.08774034388288925	chr20	47895005.0	47895119.0
9	G	-0.23484779188059896	0.339817	0.08774034388288925	chr20	47895005.0	47895119.0
10	A	-0.009621971637479295	0.26465	0.06833229676837842	chr20	47895005.0	47895119.0
11	C	-0.2173264535963861	0.514256	0.13278038474373433	chr20	47895005.0	47895119.0
12	A	-0.10244518931592467	0.558681	0.1442508441537443	chr20	47895005.0	47895119.0
13	A	-0.10244518931592467	0.558681	0.1442508441537443	chr20	47895005.0	47895119.0
14	C	-0.2529308048285469	0.324641	0.083821866680511	chr20	47895005.0	47895119.0
15	T	0.07831476805663654	0.267913	0.06917495263450933	chr20	47895005.0	47895119.0
16	A		-0.0834907		chr20	47895005.0	47895119.0
17	C	-0.06827383318618131	0.385392	0.0995076984604807	chr20	47895005.0	47895119.0
18	T	-0.12918330993544402	0.259442	0.06698755353877019	chr20	47895005.0	47895119.0
19	A	0.346799763548116	0.475789	0.12284824803459488	chr20	47895005.0	47895119.0
20	G	0.2535358591376639	0.195676	0.05052320651928313	chr20	47895005.0	47895119.0
21	A	0.418850035960753	0.414969	0.10714445586815753	chr20	47895005.0	47895119.0
22	G	0.2456239952421333	0.262907	0.06788234901516962	chr20	47895005.0	47895119.0
23	C	-0.003963911848593141	0.37802	0.09760439606760096	chr20	47895005.0	47895119.0
24	G	0.19987552539946077	0.435364	0.11241038184215851	chr20	47895005.0	47895119.0
25	C	-0.012769564069203237	0.557952	0.1440624856654771	chr20	47895005.0	47895119.0
26	C	-0.012769564069203237	0.557952	0.1440624856654771	chr20	47895005.0	47895119.0
27	T	0.15692289318383723	0.291426	0.07524590974496326	chr20	47895005.0	47895119.0
28	C	0.025391529636414157	0.27872	0.07196524982744433	chr20	47895005.0	47895119.0
29	G	-0.10387855962785729	0.308278	0.07959701556108545	chr20	47895005.0	47895119.0
30	G	-0.10387855962785729	0.308278	0.07959701556108545	chr20	47895005.0	47895119.0
31	G	-0.10387855962785729	0.308278	0.07959701556108545	chr20	47895005.0	47895119.0
32	C	0.26181024622830823	0.199189	0.05143026107824928	chr20	47895005.0	47895119.0
33	T	0.4959541855972771	0.400185	0.10332737959619526	chr20	47895005.0	47895119.0
34	G	0.1853672581184226	0.273446	0.0706034840677683	chr20	47895005.0	47895119.0
35	T	0.18778156717044772	0.389262	0.10050695621006363	chr20	47895005.0	47895119.0
36	G	-0.15714728624502544	0.470159	0.12139462448655444	chr20	47895005.0	47895119.0
37	C	0.08701692372005312	0.314804	0.08128197271995084	chr20	47895005.0	47895119.0
38	T	0.06534819362534212	0.383788	0.0990936934510711	chr20	47895005.0	47895119.0
39	G	0.19219783874274435	0.307013	0.07927029181221816	chr20	47895005.0	47895119.0
40	C	0.09039873610107273	0.345307	0.08915794515243847	chr20	47895005.0	47895119.0
41	T	0.3321048676960827	0.254081	0.06560351016976539	chr20	47895005.0	47895119.0
42	C	0.375766094409674	0.249738	0.064481954908509	chr20	47895005.0	47895119.0
43	G	-0.01339866264710451	0.363001	0.09372641154794227	chr20	47895005.0	47895119.0
44	A	-0.00738790717335313	0.201743	0.0520897649023882	chr20	47895005.0	47895119.0
45	G	0.17307274918032745	0.336248	0.08681883955222928	chr20	47895005.0	47895119.0
46	A	-0.7456699402555601	0.208944	0.0539492205216875	chr20	47895005.0	47895119.0
47	C	-0.9011350912398424	0.573001	0.14794823381977715	chr20	47895005.0	47895119.0
48	T	-0.6548259415427341	0.442598	0.11427836242035301	chr20	47895005.0	47895119.0
49	A	-1.1441149779312385	0.424022	0.10948196813202943	chr20	47895005.0	47895119.0
50	C	-0.6429757136460403	0.523594	0.13519129189531331	chr20	47895005.0	47895119.0
51	A	-0.6318095081696085	0.424777	0.1096769805751526	chr20	47895005.0	47895119.0
52	T	-0.6703395452197981	0.554179	0.14308839746931495	chr20	47895005.0	47895119.0
53	T	-0.6703395452197981	0.554179	0.14308839746931495	chr20	47895005.0	47895119.0
54	T	-0.6703395452197981	0.554179	0.14308839746931495	chr20	47895005.0	47895119.0
55	C	-0.5002374490764449	0.585798	0.1512522680948612	chr20	47895005.0	47895119.0
56	C	-0.5002374490764449	0.585798	0.1512522680948612	chr20	47895005.0	47895119.0
57	C	-0.5002374490764449	0.585798	0.1512522680948612	chr20	47895005.0	47895119.0
58	A	-0.40347853976712905	0.319805	0.08257341592546265	chr20	47895005.0	47895119.0
59	G	-0.09461074526301914	0.45139	0.11654850393380799	chr20	47895005.0	47895119.0
60	A	-0.4335436377893588	0.548934	0.1417342223167432	chr20	47895005.0	47895119.0
61	G	-0.11780729759898781	0.656037	0.16938814529673468	chr20	47895005.0	47895119.0
62	C	0.008070269871765672	0.236318	0.061016925636375445	chr20	47895005.0	47895119.0
63	G	-0.23763193737412924	0.360932	0.09319228925259912	chr20	47895005.0	47895119.0
64	A	-0.15035442432630633	0.667732	0.17240760989883425	chr20	47895005.0	47895119.0
65	C	-0.1939893131165883	0.483102	0.12473640917543297	chr20	47895005.0	47895119.0
66	G	0.3296970900695196	0.451859	0.11666939741387952	chr20	47895005.0	47895119.0
67	C	-0.13012403182142152	0.40513	0.10460406212095637	chr20	47895005.0	47895119.0
68	G	-0.1758328793724701	0.713492	0.1842228665211253	chr20	47895005.0	47895119.0
69	C	-0.10195574586460981	0.844468	0.21804075487832392	chr20	47895005.0	47895119.0
70	G	0.12377711632668617	0.465618	0.12022208122193548	chr20	47895005.0	47895119.0
71	C	0.372142917581636	0.379047	0.09786959516781181	chr20	47895005.0	47895119.0
72	G	-0.10822539023251279	0.431947	0.11152812397860136	chr20	47895005.0	47895119.0
73	G	-0.10822539023251279	0.431947	0.11152812397860136	chr20	47895005.0	47895119.0
74	A	0.19177092514468935	0.524432	0.1354076859859754	chr20	47895005.0	47895119.0
75	G	0.02650566262942978	0.528893	0.13655945739537995	chr20	47895005.0	47895119.0
76	C	1.0690334475989416	0.369352	0.09536637681439517	chr20	47895005.0	47895119.0
77	G	0.18190000716870702	0.457072	0.11801537126442638	chr20	47895005.0	47895119.0
78	G	0.18190000716870702	0.457072	0.11801537126442638	chr20	47895005.0	47895119.0
79	G	0.18190000716870702	0.457072	0.11801537126442638	chr20	47895005.0	47895119.0
80	C	1.3613865100040343	0.343928	0.08880190171558289	chr20	47895005.0	47895119.0
81	G	2.2168899171590377	0.435648	0.112483916132029	chr20	47895005.0	47895119.0
82	G	2.2168899171590377	0.435648	0.112483916132029	chr20	47895005.0	47895119.0
83	G	2.2168899171590377	0.435648	0.112483916132029	chr20	47895005.0	47895119.0
84	A	0.5679616763295119	0.469965	0.12134435802763692	chr20	47895005.0	47895119.0
85	A	0.5679616763295119	0.469965	0.12134435802763692	chr20	47895005.0	47895119.0
86	A	0.5679616763295119	0.469965	0.12134435802763692	chr20	47895005.0	47895119.0
87	G	-0.1658687434028899	0.290188	0.07492612515931384	chr20	47895005.0	47895119.0
88	A	0.14975981798206447	0.449149	0.11596970794248262	chr20	47895005.0	47895119.0
89	G	-6.66855726045093e-05	0.318907	0.08234142574373343	chr20	47895005.0	47895119.0
90	A	0.5139338299366312	0.432421	0.11165067822068114	chr20	47895005.0	47895119.0
91	G	0.15397627625849336	0.46054	0.11891087790205339	chr20	47895005.0	47895119.0
92	C	0.16846345482429997	0.563757	0.1455614021335021	chr20	47895005.0	47895119.0
93	G	0.08107704050993542	0.346346	0.0894262570408248	chr20	47895005.0	47895119.0
94	T	0.010217031241184761	0.264933	0.06840542438927048	chr20	47895005.0	47895119.0
